                                                                         
  CORRELATION MATRICES FOR EXPLANATORY VARIABLES (Site Incremental Areas)
                                            
  SPEARMAN CORRELATIONS FOR ALL OBSERVATIONS
                   point        ndep      MANC_N       FARM_N    Fixation  ldrainden   PPT30MEAN    meanTemp  tiles_perc soil_CLAYAVE   rchdecay1   rchdecay2     iresload
point         1.00000000  0.41677374  0.32194536  0.333565275  0.33134708 -0.3431682  0.04971996  0.12639876  0.35199986   0.13346258 -0.11709714 -0.03566101  0.122375641
ndep          0.41677374  1.00000000  0.59673095  0.678007133  0.67758056 -0.6241496 -0.23615334 -0.20508125  0.24447505  -0.03047798 -0.11322662 -0.06649160  0.199057580
MANC_N        0.32194536  0.59673095  1.00000000  0.749168083  0.75551824 -0.3273829 -0.30628417 -0.25619694  0.47990266   0.01388232  0.09533657  0.11135336  0.083501625
FARM_N        0.33356528  0.67800713  0.74916808  1.000000000  0.96556365 -0.3772026 -0.23136673 -0.06351606  0.60845043   0.21104555  0.02353826  0.03156345  0.006391656
Fixation      0.33134708  0.67758056  0.75551824  0.965563653  1.00000000 -0.4209937 -0.34754286 -0.19969401  0.60536260   0.10983956  0.02351480  0.02789771  0.046808241
ldrainden    -0.34316818 -0.62414960 -0.32738292 -0.377202586 -0.42099367  1.0000000  0.27477213  0.27910900 -0.13730226   0.15811149  0.25540127  0.23178993 -0.155390575
PPT30MEAN     0.04971996 -0.23615334 -0.30628417 -0.231366728 -0.34754286  0.2747721  1.00000000  0.86486660 -0.02898763   0.25390557 -0.16449276 -0.06418107 -0.191129612
meanTemp      0.12639876 -0.20508125 -0.25619694 -0.063516063 -0.19969401  0.2791090  0.86486660  1.00000000  0.08089873   0.46058929 -0.11780370 -0.05295629 -0.208298977
tiles_perc    0.35199986  0.24447505  0.47990266  0.608450430  0.60536260 -0.1373023 -0.02898763  0.08089873  1.00000000   0.19565629 -0.10225371 -0.03116174 -0.132941118
soil_CLAYAVE  0.13346258 -0.03047798  0.01388232  0.211045545  0.10983956  0.1581115  0.25390557  0.46058929  0.19565629   1.00000000 -0.03322474 -0.05849327 -0.241565187
rchdecay1    -0.11709714 -0.11322662  0.09533657  0.023538257  0.02351480  0.2554013 -0.16449276 -0.11780370 -0.10225371  -0.03322474  1.00000000  0.27308484  0.178743368
rchdecay2    -0.03566101 -0.06649160  0.11135336  0.031563448  0.02789771  0.2317899 -0.06418107 -0.05295629 -0.03116174  -0.05849327  0.27308484  1.00000000  0.124756529
iresload      0.12237564  0.19905758  0.08350163  0.006391656  0.04680824 -0.1553906 -0.19112961 -0.20829898 -0.13294112  -0.24156519  0.17874337  0.12475653  1.000000000
  
  
                                                                    
  SUMMARY METRICS FOR EXPLANATORY VARIABLES (Site Incremental Areas)
     point               ndep              MANC_N            FARM_N           Fixation         ldrainden         PPT30MEAN         meanTemp        tiles_perc         soil_CLAYAVE      rchdecay1      
 Min.   :       0   Min.   :   405.9   Min.   :      0   Min.   :      0   Min.   :    0.0   Min.   :-4.9141   Min.   : 427.5   Min.   : 2.469   Min.   :0.0000000   Min.   : 4.676   Min.   :0.00000  
 1st Qu.:    1012   1st Qu.: 77172.3   1st Qu.:  19126   1st Qu.: 115221   1st Qu.:  963.5   1st Qu.:-2.3334   1st Qu.: 853.8   1st Qu.: 7.765   1st Qu.:0.0003117   1st Qu.:20.490   1st Qu.:0.00000  
 Median :    5651   Median :131158.7   Median :  75546   Median : 488558   Median : 6131.0   Median :-2.0373   Median : 958.1   Median : 9.829   Median :0.0350256   Median :25.019   Median :0.03564  
 Mean   :   67348   Mean   :149644.0   Mean   : 153446   Mean   : 798332   Mean   :10260.2   Mean   :-2.0807   Mean   : 958.7   Mean   : 9.358   Mean   :0.1452470   Mean   :24.734   Mean   :0.17915  
 3rd Qu.:   21835   3rd Qu.:193442.5   3rd Qu.: 208438   3rd Qu.:1159268   3rd Qu.:14812.6   3rd Qu.:-1.7916   3rd Qu.:1064.0   3rd Qu.:11.080   3rd Qu.:0.2366969   3rd Qu.:29.274   3rd Qu.:0.22235  
 Max.   :13697234   Max.   :842636.7   Max.   :3216720   Max.   :6799758   Max.   :91537.8   Max.   : 0.1879   Max.   :1508.5   Max.   :14.857   Max.   :0.8846730   Max.   :48.335   Max.   :3.53831  
   rchdecay2          iresload       
 Min.   :0.00000   Min.   :0.000000  
 1st Qu.:0.00000   1st Qu.:0.000000  
 Median :0.03811   Median :0.000000  
 Mean   :0.19346   Mean   :0.017264  
 3rd Qu.:0.25385   3rd Qu.:0.001927  
 Max.   :2.32700   Max.   :2.769950  
                                                                                                          
  FILTERED SUMMARY METRICS FOR EXPLANATORY VARIABLES (zero values converted to minimum of non-zero values)
     point               ndep              MANC_N            FARM_N           Fixation          ldrainden         PPT30MEAN         meanTemp        tiles_perc         soil_CLAYAVE   
 Min.   :       0   Min.   :   405.9   Min.   :      2   Min.   :     12   Min.   :    0.37   Min.   :-4.9141   Min.   : 427.5   Min.   : 2.469   Min.   :0.0000000   Min.   : 4.676  
 1st Qu.:    1012   1st Qu.: 77172.3   1st Qu.:  19126   1st Qu.: 115221   1st Qu.:  963.47   1st Qu.:-2.3334   1st Qu.: 853.8   1st Qu.: 7.765   1st Qu.:0.0003117   1st Qu.:20.490  
 Median :    5651   Median :131158.7   Median :  75546   Median : 488558   Median : 6130.97   Median :-2.0373   Median : 958.1   Median : 9.829   Median :0.0350256   Median :25.019  
 Mean   :   67348   Mean   :149644.0   Mean   : 153446   Mean   : 798332   Mean   :10260.20   Mean   :-2.0807   Mean   : 958.7   Mean   : 9.358   Mean   :0.1452470   Mean   :24.734  
 3rd Qu.:   21835   3rd Qu.:193442.5   3rd Qu.: 208438   3rd Qu.:1159268   3rd Qu.:14812.63   3rd Qu.:-1.7916   3rd Qu.:1064.0   3rd Qu.:11.080   3rd Qu.:0.2366969   3rd Qu.:29.274  
 Max.   :13697234   Max.   :842636.7   Max.   :3216720   Max.   :6799758   Max.   :91537.83   Max.   : 0.1879   Max.   :1508.5   Max.   :14.857   Max.   :0.8846730   Max.   :48.335  
   rchdecay1          rchdecay2            iresload        
 Min.   :0.000007   Min.   :0.0000076   Min.   :0.0000001  
 1st Qu.:0.000007   1st Qu.:0.0000076   1st Qu.:0.0000001  
 Median :0.035636   Median :0.0381130   Median :0.0000001  
 Mean   :0.179150   Mean   :0.1934683   Mean   :0.0172639  
 3rd Qu.:0.222347   3rd Qu.:0.2538489   3rd Qu.:0.0019275  
 Max.   :3.538306   Max.   :2.3270000   Max.   :2.7699499  
  
  
  
  
                                                          
  CORRELATION MATRICES FOR EXPLANATORY VARIABLES (Reaches)
                                            
  SPEARMAN CORRELATIONS FOR ALL OBSERVATIONS
                    point        ndep      MANC_N      FARM_N    Fixation   ldrainden    PPT30MEAN     meanTemp  tiles_perc soil_CLAYAVE   rchdecay1    rchdecay2    iresload
point         1.000000000  0.41661150  0.37677849  0.38920381  0.37636089 -0.33377111  0.006438443  0.075461646  0.27681331   0.10195356 -0.13197660  0.004086153  0.07723034
ndep          0.416611505  1.00000000  0.69326532  0.69577192  0.68457262 -0.76097052 -0.122975110 -0.129958941  0.20704711   0.04957898 -0.01367478  0.147862255  0.12220960
MANC_N        0.376778487  0.69326532  1.00000000  0.88494077  0.86293317 -0.52795240 -0.183757041 -0.082657578  0.46808947   0.15122712  0.02432407  0.102175645  0.05644728
FARM_N        0.389203815  0.69577192  0.88494077  1.00000000  0.94563449 -0.53661887 -0.164912883  0.023493291  0.52338495   0.27971030  0.06622008  0.097803241  0.03371242
Fixation      0.376360886  0.68457262  0.86293317  0.94563449  1.00000000 -0.54392029 -0.295342029 -0.135139823  0.52867784   0.15954944  0.04639677  0.083295554  0.05248783
ldrainden    -0.333771108 -0.76097052 -0.52795240 -0.53661887 -0.54392029  1.00000000  0.171122550  0.178419017 -0.13939903   0.03119772  0.12383091 -0.039583965 -0.15402514
PPT30MEAN     0.006438443 -0.12297511 -0.18375704 -0.16491288 -0.29534203  0.17112255  1.000000000  0.844080359 -0.10917269   0.34682528 -0.06072379  0.008917137 -0.10199543
meanTemp      0.075461646 -0.12995894 -0.08265758  0.02349329 -0.13513982  0.17841902  0.844080359  1.000000000  0.03802905   0.51798819 -0.03833254  0.001120716 -0.12846024
tiles_perc    0.276813307  0.20704711  0.46808947  0.52338495  0.52867784 -0.13939903 -0.109172688  0.038029053  1.00000000   0.10647668 -0.04027845  0.024415886 -0.02468498
soil_CLAYAVE  0.101953555  0.04957898  0.15122712  0.27971030  0.15954944  0.03119772  0.346825279  0.517988192  0.10647668   1.00000000  0.06932711  0.032989859 -0.13836208
rchdecay1    -0.131976605 -0.01367478  0.02432407  0.06622008  0.04639677  0.12383091 -0.060723795 -0.038332545 -0.04027845   0.06932711  1.00000000 -0.180319184 -0.15341759
rchdecay2     0.004086153  0.14786226  0.10217565  0.09780324  0.08329555 -0.03958396  0.008917137  0.001120716  0.02441589   0.03298986 -0.18031918  1.000000000 -0.11622423
iresload      0.077230337  0.12220960  0.05644728  0.03371242  0.05248783 -0.15402514 -0.101995429 -0.128460245 -0.02468498  -0.13836208 -0.15341759 -0.116224231  1.00000000
                                                             
  SPEARMAN CORRELATIONS FOR SUBSAMPLE OF OBSERVATIONS (n=500)
                   point        ndep      MANC_N        FARM_N     Fixation   ldrainden   PPT30MEAN     meanTemp   tiles_perc soil_CLAYAVE    rchdecay1   rchdecay2      iresload
point         1.00000000  0.45262608  0.44686206  0.4509298765  0.441866270 -0.36923601 -0.05350218  0.054386444  0.340792090   0.08838404 -0.112945768 -0.06178036  0.0981402657
ndep          0.45262608  1.00000000  0.71538057  0.7101679543  0.712509526 -0.75968761 -0.15532725 -0.129374917  0.250234408   0.09225966 -0.013034323  0.12394913  0.0817178922
MANC_N        0.44686206  0.71538057  1.00000000  0.9016482502  0.888215290 -0.55696847 -0.22515338 -0.084763550  0.516158111   0.19518617  0.013368552  0.06595980  0.0337403986
FARM_N        0.45092988  0.71016795  0.90164825  1.0000000000  0.958383236 -0.57251989 -0.21678109  0.009325575  0.559995871   0.31264882  0.016049487  0.05969599  0.0002974757
Fixation      0.44186627  0.71250953  0.88821529  0.9583832364  1.000000000 -0.58379865 -0.32711802 -0.129774887  0.557102755   0.22653116 -0.001091548  0.03668902  0.0184351495
ldrainden    -0.36923601 -0.75968761 -0.55696847 -0.5725198920 -0.583798650  1.00000000  0.24839856  0.220714675 -0.204909819   0.01273652  0.132657248 -0.01891048 -0.1627306669
PPT30MEAN    -0.05350218 -0.15532725 -0.22515338 -0.2167810896 -0.327118019  0.24839856  1.00000000  0.823758071 -0.167243624   0.29929644 -0.049667652  0.01387161 -0.0167208126
meanTemp      0.05438644 -0.12937492 -0.08476355  0.0093255752 -0.129774887  0.22071467  0.82375807  1.000000000  0.005901737   0.50149669 -0.039547512 -0.01249244 -0.1198332214
tiles_perc    0.34079209  0.25023441  0.51615811  0.5599958709  0.557102755 -0.20490982 -0.16724362  0.005901737  1.000000000   0.09499407 -0.059573522 -0.01383030 -0.0139391088
soil_CLAYAVE  0.08838404  0.09225966  0.19518617  0.3126488239  0.226531156  0.01273652  0.29929644  0.501496694  0.094994074   1.00000000  0.097672921  0.07519920 -0.1144530788
rchdecay1    -0.11294577 -0.01303432  0.01336855  0.0160494871 -0.001091548  0.13265725 -0.04966765 -0.039547512 -0.059573522   0.09767292  1.000000000 -0.18715312 -0.1388332066
rchdecay2    -0.06178036  0.12394913  0.06595980  0.0596959949  0.036689017 -0.01891048  0.01387161 -0.012492436 -0.013830301   0.07519920 -0.187153123  1.00000000 -0.1043952964
iresload      0.09814027  0.08171789  0.03374040  0.0002974757  0.018435150 -0.16273067 -0.01672081 -0.119833221 -0.013939109  -0.11445308 -0.138833207 -0.10439530  1.0000000000
                                                                                                                    
  SPEARMAN CORRELATIONS FOR SUBSAMPLED LOGGED OBSERVATIONS (zero values are converted to minimum of non-zero values)
                   point        ndep       MANC_N      FARM_N     Fixation   ldrainden   PPT30MEAN    meanTemp  tiles_perc soil_CLAYAVE   rchdecay1   rchdecay2     iresload
point         1.00000000  0.36857340  0.371185794  0.37422825  0.358314886 -0.01174417  0.02438490  0.02181997  0.23299031   0.13421678 -0.09716208 -0.02095455  0.120005558
ndep          0.36857340  1.00000000  0.680703955  0.67711903  0.670960521 -0.83089133 -0.13372926 -0.15917536  0.18193500   0.10539796  0.02408806  0.14269946  0.088322051
MANC_N        0.37118579  0.68070396  1.000000000  0.89055369  0.868844029 -0.63926041 -0.14591873 -0.04534665  0.44873704   0.26097357  0.07950464  0.03961972 -0.004111423
FARM_N        0.37422825  0.67711903  0.890553691  1.00000000  0.946143776 -0.61839161 -0.13372239  0.05421753  0.53242279   0.38236106  0.11774601  0.03779925  0.002491730
Fixation      0.35831489  0.67096052  0.868844029  0.94614378  1.000000000 -0.58156888 -0.26940494 -0.11225155  0.54335904   0.25059955  0.09354070  0.02602566  0.003163225
ldrainden    -0.01174417 -0.83089133 -0.639260408 -0.61839161 -0.581568885  1.00000000 -0.25885226 -0.23626374 -0.25050046  -0.13561395  0.16530646  0.17504410           NA
PPT30MEAN     0.02438490 -0.13372926 -0.145918729 -0.13372239 -0.269404937 -0.25885226  1.00000000  0.84078397 -0.11344443   0.42524981 -0.02181445  0.02276525 -0.057907863
meanTemp      0.02181997 -0.15917536 -0.045346653  0.05421753 -0.112251553 -0.23626374  0.84078397  1.00000000  0.04261208   0.59381296  0.02172053 -0.01001440 -0.110851673
tiles_perc    0.23299031  0.18193500  0.448737036  0.53242279  0.543359042 -0.25050046 -0.11344443  0.04261208  1.00000000   0.14510423  0.09602035 -0.01079896 -0.076523687
soil_CLAYAVE  0.13421678  0.10539796  0.260973572  0.38236106  0.250599554 -0.13561395  0.42524981  0.59381296  0.14510423   1.00000000  0.12121733  0.03974106 -0.084629096
rchdecay1    -0.09716208  0.02408806  0.079504639  0.11774601  0.093540698  0.16530646 -0.02181445  0.02172053  0.09602035   0.12121733  1.00000000 -0.16586650 -0.153627411
rchdecay2    -0.02095455  0.14269946  0.039619716  0.03779925  0.026025663  0.17504410  0.02276525 -0.01001440 -0.01079896   0.03974106 -0.16586650  1.00000000 -0.111655650
iresload      0.12000556  0.08832205 -0.004111423  0.00249173  0.003163225          NA -0.05790786 -0.11085167 -0.07652369  -0.08462910 -0.15362741 -0.11165565  1.000000000
  
  
                                                     
  SUMMARY METRICS FOR EXPLANATORY VARIABLES (Reaches)
     point               ndep               MANC_N            FARM_N            Fixation           ldrainden        PPT30MEAN         meanTemp        tiles_perc        soil_CLAYAVE     rchdecay1     
 Min.   :       0   Min.   :      3.8   Min.   :      0   Min.   :       0   Min.   :     0.00   Min.   :-6.327   Min.   : 380.2   Min.   : 2.323   Min.   :0.000000   Min.   : 0.00   Min.   :0.0000  
 1st Qu.:       0   1st Qu.:  16019.1   1st Qu.:    883   1st Qu.:    4699   1st Qu.:    35.01   1st Qu.:-2.045   1st Qu.: 835.5   1st Qu.: 7.124   1st Qu.:0.000000   1st Qu.:17.98   1st Qu.:0.0000  
 Median :       0   Median :  45593.2   Median :  11610   Median :   57004   Median :   555.08   Median :-1.625   Median : 963.4   Median : 9.855   Median :0.001159   Median :24.02   Median :0.0000  
 Mean   :   20552   Mean   :  73340.8   Mean   :  64569   Mean   :  321581   Mean   :  4091.47   Mean   :-1.576   Mean   : 974.5   Mean   : 9.366   Mean   :0.075389   Mean   :23.38   Mean   :0.2328  
 3rd Qu.:    1834   3rd Qu.:  96174.4   3rd Qu.:  61877   3rd Qu.:  354068   3rd Qu.:  4452.98   3rd Qu.:-1.195   3rd Qu.:1128.0   3rd Qu.:11.821   3rd Qu.:0.054180   3rd Qu.:29.17   3rd Qu.:0.0000  
 Max.   :13697234   Max.   :1075322.0   Max.   :4341221   Max.   :13396730   Max.   :139589.30   Max.   : 4.108   Max.   :1703.6   Max.   :14.923   Max.   :0.944203   Max.   :65.90   Max.   :9.3640  
   rchdecay2         iresload       
 Min.   :0.0000   Min.   : 0.00000  
 1st Qu.:0.0000   1st Qu.: 0.00000  
 Median :0.0000   Median : 0.00000  
 Mean   :0.1417   Mean   : 0.01716  
 3rd Qu.:0.0000   3rd Qu.: 0.00000  
 Max.   :8.2760   Max.   :42.26718  
                                                                                                          
  FILTERED SUMMARY METRICS FOR EXPLANATORY VARIABLES (zero values converted to minimum of non-zero values)
     point               ndep               MANC_N            FARM_N            Fixation           ldrainden        PPT30MEAN         meanTemp        tiles_perc        soil_CLAYAVE     
 Min.   :       0   Min.   :      3.8   Min.   :      0   Min.   :       1   Min.   :     0.09   Min.   :-6.327   Min.   : 380.2   Min.   : 2.323   Min.   :0.000000   Min.   : 0.08942  
 1st Qu.:       0   1st Qu.:  16019.1   1st Qu.:    883   1st Qu.:    4699   1st Qu.:    35.01   1st Qu.:-2.045   1st Qu.: 835.5   1st Qu.: 7.124   1st Qu.:0.000000   1st Qu.:17.98351  
 Median :       0   Median :  45593.2   Median :  11610   Median :   57004   Median :   555.08   Median :-1.625   Median : 963.4   Median : 9.855   Median :0.001159   Median :24.02120  
 Mean   :   20552   Mean   :  73340.8   Mean   :  64569   Mean   :  321581   Mean   :  4091.47   Mean   :-1.576   Mean   : 974.5   Mean   : 9.366   Mean   :0.075389   Mean   :23.37560  
 3rd Qu.:    1834   3rd Qu.:  96174.4   3rd Qu.:  61877   3rd Qu.:  354068   3rd Qu.:  4452.98   3rd Qu.:-1.195   3rd Qu.:1128.0   3rd Qu.:11.821   3rd Qu.:0.054180   3rd Qu.:29.16555  
 Max.   :13697234   Max.   :1075322.0   Max.   :4341221   Max.   :13396730   Max.   :139589.30   Max.   : 4.108   Max.   :1703.6   Max.   :14.923   Max.   :0.944203   Max.   :65.90273  
   rchdecay1        rchdecay2         iresload       
 Min.   :0.0100   Min.   :0.0040   Min.   : 0.00000  
 1st Qu.:0.0100   1st Qu.:0.0040   1st Qu.: 0.00000  
 Median :0.0100   Median :0.0040   Median : 0.00000  
 Mean   :0.2408   Mean   :0.1452   Mean   : 0.01716  
 3rd Qu.:0.0100   3rd Qu.:0.0040   3rd Qu.: 0.00000  
 Max.   :9.3640   Max.   :8.2760   Max.   :42.26718  
